84
111
109
111
114
114
111
119
97
110
100
116
111
109
111
114
114
111
119
97
110
100
116
111
109
111
114
114
111
119
99
114
101
101
112
115
105
110
116
104
105
115
112
101
116
116
121
112
97
99
101
102
114
111
109
100
97
121
116
111
100
97
121
117
110
116
105
108
116
104
101
108
97
115
116
115
121
108
108
97
98
108
101
111
102
114
101
99
111
114
100
101
100
116
105
109
101
65
110
100
97
108
108
111
117
114
121
101
115
116
101
114
100
97
121
115
104
97
118
101
108
105
103
104
116
101
100
102
111
111
108
115
116
104
101
119
97
121
116
111
100
117
115
116
121
